0.000000000000000000e+00 7.934175403381311664e-01 4.009714453707717841e-01 5.441975594093064750e-01 2.854273472709248916e-01 5.243783414878663285e-01 2.606862800327121032e-01 5.216901213320224162e-01 7.817245643238582842e-01 6.364900608038299712e-01
7.934175403381311664e-01 0.000000000000000000e+00 1.171206263401614489e+00 9.127610223994265803e-01 9.093979477241429521e-01 8.581934445766637998e-01 7.104346011789927084e-01 4.339625911838171368e-01 8.562536894726903436e-02 8.484620277462668891e-01
4.009714453707717841e-01 1.171206263401614489e+00 0.000000000000000000e+00 5.687125157392765029e-01 3.143284618079561499e-01 5.882642117293828132e-01 4.925697827440237431e-01 8.222865647239706588e-01 1.146312036344823371e+00 9.530135591115830307e-01
5.441975594093064750e-01 9.127610223994265803e-01 5.687125157392765029e-01 0.000000000000000000e+00 2.959453930067659222e-01 5.492360364308686294e-02 3.167678533156614851e-01 4.789903815954604793e-01 8.518382768536181260e-01 1.154385752463833015e+00
2.854273472709248916e-01 9.093979477241429521e-01 3.143284618079561499e-01 2.959453930067659222e-01 0.000000000000000000e+00 2.975310078512677370e-01 1.997772616476628793e-01 5.227783272421356875e-01 8.716772007924610266e-01 9.215877124286311339e-01
5.243783414878663285e-01 8.581934445766637998e-01 5.882642117293828132e-01 5.492360364308686294e-02 2.975310078512677370e-01 0.000000000000000000e+00 2.833542735600036999e-01 4.243230008394589525e-01 7.969669449350850199e-01 1.122194521553476765e+00
2.606862800327121032e-01 7.104346011789927084e-01 4.925697827440237431e-01 3.167678533156614851e-01 1.997772616476628793e-01 2.833542735600036999e-01 0.000000000000000000e+00 3.298354288895237740e-01 6.719055520826066052e-01 8.389825643804427191e-01
5.216901213320224162e-01 4.339625911838171368e-01 8.222865647239706588e-01 4.789903815954604793e-01 5.227783272421356875e-01 4.243230008394589525e-01 3.298354288895237740e-01 0.000000000000000000e+00 3.741446494400898493e-01 9.050661534713617673e-01
7.817245643238582842e-01 8.562536894726903436e-02 1.146312036344823371e+00 8.518382768536181260e-01 8.716772007924610266e-01 7.969669449350850199e-01 6.719055520826066052e-01 3.741446494400898493e-01 0.000000000000000000e+00 8.997787323598051001e-01
6.364900608038299712e-01 8.484620277462668891e-01 9.530135591115830307e-01 1.154385752463833015e+00 9.215877124286311339e-01 1.122194521553476765e+00 8.389825643804427191e-01 9.050661534713617673e-01 8.997787323598051001e-01 0.000000000000000000e+00
