0.000000000000000000e+00 5.682910047083536975e-01 4.974646556420790622e-02 4.564539406192547055e-01 7.897375609391000806e-01 7.426716021674915902e-02 1.277019378452056431e-01 8.745691347434130236e-01 9.597325372805217691e-01 3.538774630746019390e-01 1.284333301262564064e-01 8.902519948449048037e-01 1.059372088984363858e+00 8.436399896116741903e-01 3.392469684623362070e-01 2.600118242623813414e-01 6.735587639884129674e-01 1.398444477583498657e-01 2.062071653566187324e-01 9.520517875706367983e-01 9.850059022645445417e-01 4.585463417956663346e-01 1.039896268823770065e+00 4.092844894297024694e-01 5.063331918068952886e-01
5.682910047083536975e-01 0.000000000000000000e+00 5.653666114573868695e-01 5.981117945554563775e-01 2.421637061140391456e-01 5.046404436512856861e-01 4.430830553541124095e-01 3.468777107140587623e-01 3.950788195244461232e-01 3.951711295517023048e-01 4.637200849321809204e-01 3.350874650472469019e-01 6.068441139745081037e-01 4.996835946013163388e-01 2.510964168591600099e-01 4.682308758801725923e-01 2.724218250172786293e-01 4.952817452150775068e-01 4.951649379011194840e-01 4.044557534146043798e-01 5.693280799263347181e-01 1.513423045289880586e-01 5.688164538678897042e-01 1.960819145240310368e-01 1.993312378673250396e-01
4.974646556420790622e-02 5.653666114573868695e-01 0.000000000000000000e+00 5.018376719639591199e-01 7.934755846208182417e-01 6.133731430950487701e-02 1.403398150983687087e-01 8.823449571832437943e-01 9.595225030609669803e-01 3.862250794191302017e-01 1.565352197308573501e-01 8.800857872207288324e-01 1.077949673000747177e+00 8.689729374768444536e-01 3.261710167120500659e-01 2.991874375960367205e-01 6.901943438926534391e-01 1.791929215235349426e-01 2.478572509060920637e-01 9.568817257137128829e-01 1.006400483409535696e+00 4.662417567645837924e-01 1.056327106254307147e+00 3.954339374746956848e-01 5.209912188111591735e-01
4.564539406192547055e-01 5.981117945554563775e-01 5.018376719639591199e-01 0.000000000000000000e+00 7.030577672039522996e-01 4.743771495024215468e-01 4.088707345506715773e-01 7.352597310100865702e-01 8.816609274904416704e-01 2.139151399468317005e-01 3.655393906572145246e-01 9.116477467353099051e-01 7.960306445912440632e-01 5.406920730383323326e-01 5.390703982283160389e-01 2.182976791874591538e-01 4.927982221289547438e-01 3.264954633789133864e-01 2.574774419308047957e-01 8.286622466886507388e-01 7.027353449232087712e-01 4.487428472916924482e-01 7.982534990003937736e-01 5.810108335893102716e-01 4.102358361600365599e-01
7.897375609391000806e-01 2.421637061140391456e-01 7.934755846208182417e-01 7.030577672039522996e-01 0.000000000000000000e+00 7.321430324499321740e-01 6.620956086309564004e-01 1.104229245996615760e-01 1.817820461512283381e-01 5.397812251073209611e-01 6.735398139429498165e-01 2.524586250645792229e-01 3.951891834988504604e-01 3.802027728253385974e-01 4.913520244058469100e-01 6.379166482214928546e-01 2.235009645961386626e-01 6.957762908647251443e-01 6.782714103414140272e-01 1.640480043713392899e-01 3.847012398132722555e-01 3.330301648866859643e-01 3.495856124759512684e-01 4.382245112584429725e-01 3.125062258221073530e-01
7.426716021674915902e-02 5.046404436512856861e-01 6.133731430950487701e-02 4.743771495024215468e-01 7.321430324499321740e-01 0.000000000000000000e+00 8.418650821495361758e-02 8.211528017248241884e-01 8.984917746153765483e-01 3.389884282889172318e-01 1.124082636026100673e-01 8.216243030472922815e-01 1.019245977369570788e+00 8.139151670844939623e-01 2.684455854985161594e-01 2.623242858323653892e-01 6.310585428753220372e-01 1.481159097392029111e-01 2.169022630265644014e-01 8.955451255662886245e-01 9.489821341318889214e-01 4.051888277060787247e-01 9.968613405451319798e-01 3.382438840456640783e-01 4.614273803717863776e-01
1.277019378452056431e-01 4.430830553541124095e-01 1.403398150983687087e-01 4.088707345506715773e-01 6.620956086309564004e-01 8.418650821495361758e-02 0.000000000000000000e+00 7.471101635536310237e-01 8.327965328291735414e-01 2.571433532731761673e-01 4.787029439866964664e-02 7.694065724003800177e-01 9.376779399893481193e-01 7.299555915776539949e-01 2.278395726079285033e-01 1.913294936084273257e-01 5.501518787516781472e-01 9.719344346255634481e-02 1.560851923167960453e-01 8.243498790770088513e-01 8.661534527332297451e-01 3.309241458270718028e-01 9.164342431055554350e-01 2.967761961685812522e-01 3.813975399555092349e-01
8.745691347434130236e-01 3.468777107140587623e-01 8.823449571832437943e-01 7.352597310100865702e-01 1.104229245996615760e-01 8.211528017248241884e-01 7.471101635536310237e-01 0.000000000000000000e+00 1.686553090934081456e-01 5.958370080412460634e-01 7.536895777896198689e-01 3.182063838216936946e-01 2.895590114269219750e-01 3.260800479231930060e-01 5.915628994913415539e-01 7.005942279296848429e-01 2.427087745756821568e-01 7.709853659697454287e-01 7.457812280537250427e-01 9.364787819878953035e-02 2.925951435681356516e-01 4.163739026783369601e-01 2.417403722575699465e-01 5.423176590092937399e-01 3.772910125445039786e-01
9.597325372805217691e-01 3.950788195244461232e-01 9.595225030609669803e-01 8.816609274904416704e-01 1.817820461512283381e-01 8.984917746153765483e-01 8.327965328291735414e-01 1.686553090934081456e-01 0.000000000000000000e+00 7.215483428015315726e-01 8.477557739385684910e-01 1.998751709808088972e-01 4.043887582582660900e-01 4.932310634498923707e-01 6.446033994467638140e-01 8.189575674535386485e-01 3.929560057364422931e-01 8.726618632940749132e-01 8.581443885624872037e-01 9.720322038478791671e-02 4.365117047401709804e-01 5.087751620918880002e-01 3.514924066515495160e-01 5.836606222175435565e-01 4.940905721375224990e-01
3.538774630746019390e-01 3.951711295517023048e-01 3.862250794191302017e-01 2.139151399468317005e-01 5.397812251073209611e-01 3.389884282889172318e-01 2.571433532731761673e-01 5.958370080412460634e-01 7.215483428015315726e-01 0.000000000000000000e+00 2.297401345385877702e-01 7.215675260677153480e-01 7.280314704384120983e-01 4.962531666772825867e-01 3.304615065161433662e-01 1.107657905225779005e-01 3.619119528378468842e-01 2.167696593527350113e-01 1.650307970508055055e-01 6.852973034161793375e-01 6.459753164455018792e-01 2.438288692610190156e-01 7.163321050214197516e-01 3.680114536427185334e-01 2.279870023274578328e-01
1.284333301262564064e-01 4.637200849321809204e-01 1.565352197308573501e-01 3.655393906572145246e-01 6.735398139429498165e-01 1.124082636026100673e-01 4.787029439866964664e-02 7.536895777896198689e-01 8.477557739385684910e-01 2.297401345385877702e-01 0.000000000000000000e+00 7.946005604711863235e-01 9.314891686891525469e-01 7.154907256704479135e-01 2.645024452877642318e-01 1.504543941323037148e-01 5.467087381140495195e-01 4.961928765781547374e-02 1.098578588929779859e-01 8.339570094695565317e-01 8.566223479534164076e-01 3.405178370649894481e-01 9.127704527369413512e-01 3.315596500513052214e-01 3.811602158724823886e-01
8.902519948449048037e-01 3.350874650472469019e-01 8.800857872207288324e-01 9.116477467353099051e-01 2.524586250645792229e-01 8.216243030472922815e-01 7.694065724003800177e-01 3.182063838216936946e-01 1.998751709808088972e-01 7.215675260677153480e-01 7.946005604711863235e-01 0.000000000000000000e+00 5.932827622940137768e-01 6.304043201434715860e-01 5.539718235301344107e-01 8.020028951751075885e-01 4.662285730278177831e-01 8.287283167329141387e-01 8.302379323871882377e-01 2.860200691063244927e-01 6.099837409017009326e-01 4.814562095736828473e-01 5.412070630726498743e-01 4.853463939968946095e-01 5.016587847950435552e-01
1.059372088984363858e+00 6.068441139745081037e-01 1.077949673000747177e+00 7.960306445912440632e-01 3.951891834988504604e-01 1.019245977369570788e+00 9.376779399893481193e-01 2.895590114269219750e-01 4.043887582582660900e-01 7.280314704384120983e-01 9.314891686891525469e-01 5.932827622940137768e-01 0.000000000000000000e+00 2.571036309661356989e-01 8.288037918039746765e-01 8.387422807331659236e-01 3.885649700705706699e-01 9.353692412095092612e-01 8.924949029931700251e-01 3.092059816326115929e-01 9.692577499282656328e-02 6.272344281916206743e-01 5.294424090213852019e-02 7.922782608010245919e-01 5.587197954206540862e-01
8.436399896116741903e-01 4.996835946013163388e-01 8.689729374768444536e-01 5.406920730383323326e-01 3.802027728253385974e-01 8.139151670844939623e-01 7.299555915776539949e-01 3.260800479231930060e-01 4.932310634498923707e-01 4.962531666772825867e-01 7.154907256704479135e-01 6.304043201434715860e-01 2.571036309661356989e-01 0.000000000000000000e+00 6.690101959079010063e-01 6.048481644980702177e-01 2.284800485721203700e-01 7.112944839619570470e-01 6.607424687955163467e-01 4.040852317805740390e-01 1.621776511049749792e-01 4.599529732500396983e-01 2.678942083468068280e-01 6.508162970037871808e-01 3.765070442588425159e-01
3.392469684623362070e-01 2.510964168591600099e-01 3.261710167120500659e-01 5.390703982283160389e-01 4.913520244058469100e-01 2.684455854985161594e-01 2.278395726079285033e-01 5.915628994913415539e-01 6.446033994467638140e-01 3.304615065161433662e-01 2.645024452877642318e-01 5.539718235301344107e-01 8.288037918039746765e-01 6.690101959079010063e-01 0.000000000000000000e+00 3.415946280575659078e-01 4.508462071220923906e-01 3.093241016518623598e-01 3.401784362482918045e-01 6.547855742540829027e-01 7.749920901148845687e-01 2.092519152893324297e-01 7.971623783168072519e-01 7.005024805942441923e-02 2.932342545451337990e-01
2.600118242623813414e-01 4.682308758801725923e-01 2.991874375960367205e-01 2.182976791874591538e-01 6.379166482214928546e-01 2.623242858323653892e-01 1.913294936084273257e-01 7.005942279296848429e-01 8.189575674535386485e-01 1.107657905225779005e-01 1.504543941323037148e-01 8.020028951751075885e-01 8.387422807331659236e-01 6.048481644980702177e-01 3.415946280575659078e-01 0.000000000000000000e+00 4.706214176941206917e-01 1.204052378159724546e-01 5.685981572453736171e-02 7.883794274955829851e-01 7.561790941568500291e-01 3.210242212299035391e-01 8.270297413372799111e-01 3.952121840838425659e-01 3.259954137147985653e-01
6.735587639884129674e-01 2.724218250172786293e-01 6.901943438926534391e-01 4.927982221289547438e-01 2.235009645961386626e-01 6.310585428753220372e-01 5.501518787516781472e-01 2.427087745756821568e-01 3.929560057364422931e-01 3.619119528378468842e-01 5.467087381140495195e-01 4.662285730278177831e-01 3.885649700705706699e-01 2.284800485721203700e-01 4.508462071220923906e-01 4.706214176941206917e-01 0.000000000000000000e+00 5.552075043221706974e-01 5.201784490278917872e-01 3.359190824369396866e-01 3.253348259927165698e-01 2.430975135744216920e-01 3.663948137206745059e-01 4.259311895524383607e-01 1.701627134986820611e-01
1.398444477583498657e-01 4.952817452150775068e-01 1.791929215235349426e-01 3.264954633789133864e-01 6.957762908647251443e-01 1.481159097392029111e-01 9.719344346255634481e-02 7.709853659697454287e-01 8.726618632940749132e-01 2.167696593527350113e-01 4.961928765781547374e-02 8.287283167329141387e-01 9.353692412095092612e-01 7.112944839619570470e-01 3.093241016518623598e-01 1.204052378159724546e-01 5.552075043221706974e-01 0.000000000000000000e+00 6.937287659058849476e-02 8.538860007137643038e-01 8.572068238941155105e-01 3.638869866780684026e-01 9.193190254706937736e-01 3.747492198050279555e-01 3.946791902745135916e-01
2.062071653566187324e-01 4.951649379011194840e-01 2.478572509060920637e-01 2.574774419308047957e-01 6.782714103414140272e-01 2.169022630265644014e-01 1.560851923167960453e-01 7.457812280537250427e-01 8.581443885624872037e-01 1.650307970508055055e-01 1.098578588929779859e-01 8.302379323871882377e-01 8.924949029931700251e-01 6.607424687955163467e-01 3.401784362482918045e-01 5.685981572453736171e-02 5.201784490278917872e-01 6.937287659058849476e-02 0.000000000000000000e+00 8.319577943087399508e-01 8.109879747197791255e-01 3.532545698046783422e-01 8.795750363443748387e-01 4.000952465816881021e-01 3.689207489006164908e-01
9.520517875706367983e-01 4.044557534146043798e-01 9.568817257137128829e-01 8.286622466886507388e-01 1.640480043713392899e-01 8.955451255662886245e-01 8.243498790770088513e-01 9.364787819878953035e-02 9.720322038478791671e-02 6.852973034161793375e-01 8.339570094695565317e-01 2.860200691063244927e-01 3.092059816326115929e-01 4.040852317805740390e-01 6.547855742540829027e-01 7.883794274955829851e-01 3.359190824369396866e-01 8.538860007137643038e-01 8.319577943087399508e-01 0.000000000000000000e+00 3.394077889380454627e-01 4.939207956620811357e-01 2.565521652686534315e-01 5.999261536895339475e-01 4.630862378745103647e-01
9.850059022645445417e-01 5.693280799263347181e-01 1.006400483409535696e+00 7.027353449232087712e-01 3.847012398132722555e-01 9.489821341318889214e-01 8.661534527332297451e-01 2.925951435681356516e-01 4.365117047401709804e-01 6.459753164455018792e-01 8.566223479534164076e-01 6.099837409017009326e-01 9.692577499282656328e-02 1.621776511049749792e-01 7.749920901148845687e-01 7.561790941568500291e-01 3.253348259927165698e-01 8.572068238941155105e-01 8.109879747197791255e-01 3.394077889380454627e-01 0.000000000000000000e+00 5.683394257738387800e-01 1.220611698868628997e-01 7.449577771378591562e-01 4.933660029758331622e-01
4.585463417956663346e-01 1.513423045289880586e-01 4.662417567645837924e-01 4.487428472916924482e-01 3.330301648866859643e-01 4.051888277060787247e-01 3.309241458270718028e-01 4.163739026783369601e-01 5.087751620918880002e-01 2.438288692610190156e-01 3.405178370649894481e-01 4.814562095736828473e-01 6.272344281916206743e-01 4.599529732500396983e-01 2.092519152893324297e-01 3.210242212299035391e-01 2.430975135744216920e-01 3.638869866780684026e-01 3.532545698046783422e-01 4.939207956620811357e-01 5.683394257738387800e-01 0.000000000000000000e+00 5.994653168930980103e-01 1.966126394665107524e-01 8.680845104720093242e-02
1.039896268823770065e+00 5.688164538678897042e-01 1.056327106254307147e+00 7.982534990003937736e-01 3.495856124759512684e-01 9.968613405451319798e-01 9.164342431055554350e-01 2.417403722575699465e-01 3.514924066515495160e-01 7.163321050214197516e-01 9.127704527369413512e-01 5.412070630726498743e-01 5.294424090213852019e-02 2.678942083468068280e-01 7.971623783168072519e-01 8.270297413372799111e-01 3.663948137206745059e-01 9.193190254706937736e-01 8.795750363443748387e-01 2.565521652686534315e-01 1.220611698868628997e-01 5.994653168930980103e-01 0.000000000000000000e+00 7.575803022729369340e-01 5.354347368265315321e-01
4.092844894297024694e-01 1.960819145240310368e-01 3.954339374746956848e-01 5.810108335893102716e-01 4.382245112584429725e-01 3.382438840456640783e-01 2.967761961685812522e-01 5.423176590092937399e-01 5.836606222175435565e-01 3.680114536427185334e-01 3.315596500513052214e-01 4.853463939968946095e-01 7.922782608010245919e-01 6.508162970037871808e-01 7.005024805942441923e-02 3.952121840838425659e-01 4.259311895524383607e-01 3.747492198050279555e-01 4.000952465816881021e-01 5.999261536895339475e-01 7.449577771378591562e-01 1.966126394665107524e-01 7.575803022729369340e-01 0.000000000000000000e+00 2.833790138315236962e-01
5.063331918068952886e-01 1.993312378673250396e-01 5.209912188111591735e-01 4.102358361600365599e-01 3.125062258221073530e-01 4.614273803717863776e-01 3.813975399555092349e-01 3.772910125445039786e-01 4.940905721375224990e-01 2.279870023274578328e-01 3.811602158724823886e-01 5.016587847950435552e-01 5.587197954206540862e-01 3.765070442588425159e-01 2.932342545451337990e-01 3.259954137147985653e-01 1.701627134986820611e-01 3.946791902745135916e-01 3.689207489006164908e-01 4.630862378745103647e-01 4.933660029758331622e-01 8.680845104720093242e-02 5.354347368265315321e-01 2.833790138315236962e-01 0.000000000000000000e+00
