0.000000000000000000e+00 1.861499491705833342e-01 4.410551638703629207e-01 4.589395800061635833e-01 2.015146410396359833e-01 5.974592599927828207e-01 2.271400286602164309e-01 6.301406839230043744e-01 4.694804863726451671e-01 3.002558494875095518e-01 4.362191634360965686e-01 1.605940971650233196e-01 6.355798613146654841e-01 9.102971478404369154e-01 4.133176182225375972e-01 6.697899680239058906e-01 2.907258756651245890e-01 2.501171723595984053e-01 3.606634519285595308e-01 6.205226710415358005e-01
1.861499491705833342e-01 0.000000000000000000e+00 6.227961852519029451e-01 5.605081891031545860e-01 2.396140108362225241e-01 7.427054064743884298e-01 4.080792130125752148e-01 7.996922907160673999e-01 6.119433953957809091e-01 4.100138860747492009e-01 5.622962716352316592e-01 2.594563085778771039e-01 7.732198827295598820e-01 1.094529892898730372e+00 5.071128260883054351e-01 7.917988288343384973e-01 4.767773756437402310e-01 9.599617333039713041e-02 5.066378244855773705e-01 8.062941566319286046e-01
4.410551638703629207e-01 6.227961852519029451e-01 0.000000000000000000e+00 3.901656109235536740e-01 5.659999756575011531e-01 5.283603508776746338e-01 2.800945953952098111e-01 4.267713800430025795e-01 4.681917242763546927e-01 3.504143834107818489e-01 3.067847185370247143e-01 4.906411021268121675e-01 5.833976803126151855e-01 4.736861028827693554e-01 3.984947712039428880e-01 4.360019081192279544e-01 1.693446126009382768e-01 6.633553869020050175e-01 2.334365247623247375e-01 2.043568840989999635e-01
4.589395800061635833e-01 5.605081891031545860e-01 3.901656109235536740e-01 0.000000000000000000e+00 6.583156612513488826e-01 8.701432924322094475e-01 4.922788930666363583e-01 8.043134805305655055e-01 7.747949974476414647e-01 1.588120933901437659e-01 8.423947313283990102e-02 6.029756399967461933e-01 9.225687383940824882e-01 7.658585816937051316e-01 5.548011225818445802e-02 2.378938685015707100e-01 4.212800935527568624e-01 5.403057415862256851e-01 1.689209337718947102e-01 5.733815618927091684e-01
2.015146410396359833e-01 2.396140108362225241e-01 5.659999756575011531e-01 6.583156612513488826e-01 0.000000000000000000e+00 5.256350504177600413e-01 2.914515189171625886e-01 6.137179631452278628e-01 3.969368114774685652e-01 5.002728187302304397e-01 6.290124812239487051e-01 7.562707504400713321e-02 5.491405348743575443e-01 1.005665577268238575e+00 6.141229494071019923e-01 8.605369936148090648e-01 3.971333318775533416e-01 3.354676887473250768e-01 5.452058077576384942e-01 7.089656579049131713e-01
5.974592599927828207e-01 7.427054064743884298e-01 5.283603508776746338e-01 8.701432924322094475e-01 5.256350504177600413e-01 0.000000000000000000e+00 4.049372496470784455e-01 1.773780284686453657e-01 1.307671412394333099e-01 7.595418775220533769e-01 7.975941658535754542e-01 4.842036552751113887e-01 5.508357321184726568e-02 7.290171145543437037e-01 8.553556466235775479e-01 9.634789340753904252e-01 4.492848061989636044e-01 8.310171034591884442e-01 7.020766660808004378e-01 4.974695704697845722e-01
2.271400286602164309e-01 4.080792130125752148e-01 2.800945953952098111e-01 4.922788930666363583e-01 2.914515189171625886e-01 4.049372496470784455e-01 0.000000000000000000e+00 4.077013059398132411e-01 2.911243354835626462e-01 3.620456452204356412e-01 4.332197570991335733e-01 2.159975362131279775e-01 4.516507546902555070e-01 7.161611208564961917e-01 4.670192288898903366e-01 6.417844365049706346e-01 1.120883138473317275e-01 4.772459469701882950e-01 3.356378129109832686e-01 4.197102660515033556e-01
6.301406839230043744e-01 7.996922907160673999e-01 4.267713800430025795e-01 8.043134805305655055e-01 6.137179631452278628e-01 1.773780284686453657e-01 4.077013059398132411e-01 0.000000000000000000e+00 2.426173805501958547e-01 7.206781476035122314e-01 7.245675043236411428e-01 5.557901805374773074e-01 2.202116327643381111e-01 5.530421554325493094e-01 8.004881058967627805e-01 8.574922472958402819e-01 4.055359895560918804e-01 8.782556867884535601e-01 6.366111141435466525e-01 3.430954951577671608e-01
4.694804863726451671e-01 6.119433953957809091e-01 4.681917242763546927e-01 7.747949974476414647e-01 3.969368114774685652e-01 1.307671412394333099e-01 2.911243354835626462e-01 2.426173805501958547e-01 0.000000000000000000e+00 6.524956066122395981e-01 7.077695197532368754e-01 3.535120436860617055e-01 1.662707038788183433e-01 7.551974655614480669e-01 7.544131467653611978e-01 8.926613824294484800e-01 3.562334713569254574e-01 7.004927413734346464e-01 6.101388033661453436e-01 4.892558557986962930e-01
3.002558494875095518e-01 4.100138860747492009e-01 3.504143834107818489e-01 1.588120933901437659e-01 5.002728187302304397e-01 7.595418775220533769e-01 3.620456452204356412e-01 7.206781476035122314e-01 6.524956066122395981e-01 0.000000000000000000e+00 1.537608270459459581e-01 4.471753738782894838e-01 8.092277668866261209e-01 7.940704697297584769e-01 1.147276999077101317e-01 3.819959226067955460e-01 3.168545739190656296e-01 4.029894554444903854e-01 1.314094532132826232e-01 5.534144764763431201e-01
4.362191634360965686e-01 5.622962716352316592e-01 3.067847185370247143e-01 8.423947313283990102e-02 6.290124812239487051e-01 7.975941658535754542e-01 4.332197570991335733e-01 7.245675043236411428e-01 7.077695197532368754e-01 1.537608270459459581e-01 0.000000000000000000e+00 5.675964282155789853e-01 8.508075596852529010e-01 6.893261911070375225e-01 1.099924238223183581e-01 2.337617826286732259e-01 3.517105258036068438e-01 5.564505899942057132e-01 9.806676440559311536e-02 4.893510465737226367e-01
1.605940971650233196e-01 2.594563085778771039e-01 4.906411021268121675e-01 6.029756399967461933e-01 7.562707504400713321e-02 4.842036552751113887e-01 2.159975362131279775e-01 5.557901805374773074e-01 3.535120436860617055e-01 4.471753738782894838e-01 5.675964282155789853e-01 0.000000000000000000e+00 5.137784063954862201e-01 9.310279411307824660e-01 5.618783417126441693e-01 7.967562764516981089e-01 3.216305823825924559e-01 3.509761591380852752e-01 4.802113043042811613e-01 6.343217027227948668e-01
6.355798613146654841e-01 7.732198827295598820e-01 5.833976803126151855e-01 9.225687383940824882e-01 5.491405348743575443e-01 5.508357321184726568e-02 4.516507546902555070e-01 2.202116327643381111e-01 1.662707038788183433e-01 8.092277668866261209e-01 8.508075596852529010e-01 5.137784063954862201e-01 0.000000000000000000e+00 7.731788043648364361e-01 9.066724426276605575e-01 1.018387658303807619e+00 5.013569410112075353e-01 8.635124521905128692e-01 7.548787141762055564e-01 5.494771698864756582e-01
9.102971478404369154e-01 1.094529892898730372e+00 4.736861028827693554e-01 7.658585816937051316e-01 1.005665577268238575e+00 7.290171145543437037e-01 7.161611208564961917e-01 5.530421554325493094e-01 7.551974655614480669e-01 7.940704697297584769e-01 6.893261911070375225e-01 9.310279411307824660e-01 7.731788043648364361e-01 0.000000000000000000e+00 7.991463839821731918e-01 6.534103870486873689e-01 6.224330134959774607e-01 1.137010486804091558e+00 6.629719681799616238e-01 2.967118440226839682e-01
4.133176182225375972e-01 5.071128260883054351e-01 3.984947712039428880e-01 5.548011225818445802e-02 6.141229494071019923e-01 8.553556466235775479e-01 4.670192288898903366e-01 8.004881058967627805e-01 7.544131467653611978e-01 1.147276999077101317e-01 1.099924238223183581e-01 5.618783417126441693e-01 9.066724426276605575e-01 7.991463839821731918e-01 0.000000000000000000e+00 2.933646923560435105e-01 4.065506711273952911e-01 4.850785354296251461e-01 1.664306538735208785e-01 5.907293981274014394e-01
6.697899680239058906e-01 7.917988288343384973e-01 4.360019081192279544e-01 2.378938685015707100e-01 8.605369936148090648e-01 9.634789340753904252e-01 6.417844365049706346e-01 8.574922472958402819e-01 8.926613824294484800e-01 3.819959226067955460e-01 2.337617826286732259e-01 7.967562764516981089e-01 1.018387658303807619e+00 6.534103870486873689e-01 2.933646923560435105e-01 0.000000000000000000e+00 5.437742754750831686e-01 7.771859099830183970e-01 3.167120399152524302e-01 5.537517250151494652e-01
2.907258756651245890e-01 4.767773756437402310e-01 1.693446126009382768e-01 4.212800935527568624e-01 3.971333318775533416e-01 4.492848061989636044e-01 1.120883138473317275e-01 4.055359895560918804e-01 3.562334713569254574e-01 3.168545739190656296e-01 3.517105258036068438e-01 3.216305823825924559e-01 5.013569410112075353e-01 6.224330134959774607e-01 4.065506711273952911e-01 5.437742754750831686e-01 0.000000000000000000e+00 5.314218059064642619e-01 2.544630126000682613e-01 3.300604984268107334e-01
2.501171723595984053e-01 9.599617333039713041e-02 6.633553869020050175e-01 5.403057415862256851e-01 3.354676887473250768e-01 8.310171034591884442e-01 4.772459469701882950e-01 8.782556867884535601e-01 7.004927413734346464e-01 4.029894554444903854e-01 5.564505899942057132e-01 3.509761591380852752e-01 8.635124521905128692e-01 1.137010486804091558e+00 4.850785354296251461e-01 7.771859099830183970e-01 5.314218059064642619e-01 0.000000000000000000e+00 5.161194915724451882e-01 8.560273502304492910e-01
3.606634519285595308e-01 5.066378244855773705e-01 2.334365247623247375e-01 1.689209337718947102e-01 5.452058077576384942e-01 7.020766660808004378e-01 3.356378129109832686e-01 6.366111141435466525e-01 6.101388033661453436e-01 1.314094532132826232e-01 9.806676440559311536e-02 4.802113043042811613e-01 7.548787141762055564e-01 6.629719681799616238e-01 1.664306538735208785e-01 3.167120399152524302e-01 2.544630126000682613e-01 5.161194915724451882e-01 0.000000000000000000e+00 4.309550354602205147e-01
6.205226710415358005e-01 8.062941566319286046e-01 2.043568840989999635e-01 5.733815618927091684e-01 7.089656579049131713e-01 4.974695704697845722e-01 4.197102660515033556e-01 3.430954951577671608e-01 4.892558557986962930e-01 5.534144764763431201e-01 4.893510465737226367e-01 6.343217027227948668e-01 5.494771698864756582e-01 2.967118440226839682e-01 5.907293981274014394e-01 5.537517250151494652e-01 3.300604984268107334e-01 8.560273502304492910e-01 4.309550354602205147e-01 0.000000000000000000e+00
