Config: {NeuronType: log, delay: 1, networkUpdateScheme: InOrder, nupdates: 6000000,
  outputEnv: false, outputScheme: BinaryState, randomSkip: 1000000, synapseType: exp,
  tauref: 100, tausyn: 100}
bias: [0.03396238518972823, 0.033962385189728245, 0.03396238518972824, 0.033962385189728245,
  0.03396238518972824, 0.05500821581086995, 0.05500821581086995, 0.05500821581086995,
  0.05500821581086995, 0.055008215810869954, -0.03689915472786226, -0.03689915472786226,
  -0.03689915472786226, -0.03689915472786226, -0.03689915472786226]
externalCurrent:
  times: [0, 100000001]
  type: Const
  values: [1.0, 1.0]
initialstate: [1, 0, 0, 1, 0, 0, 0, 1, 0, 0, 1, 0, 1, 0, 1]
outfile: /scratch/wv385/Documents/git/neuralsampling/neuralsampler/prof/out
temperature:
  times: [0, 100000001]
  type: Const
  values: [1.0, 1.0]
weight:
- [0, 5, 0.004119440414080787]
- [0, 6, -0.06204662747767867]
- [0, 7, -0.0539042306793892]
- [0, 8, 0.024264327815931887]
- [0, 9, 0.01353418360473649]
- [0, 10, -0.02482525537801691]
- [0, 11, 0.03488035569341848]
- [0, 12, -0.04497806219766531]
- [0, 13, 0.04168994383020227]
- [0, 14, 0.05491501809847538]
- [1, 5, 0.01353418360473649]
- [1, 6, 0.004119440414080787]
- [1, 7, -0.06204662747767867]
- [1, 8, -0.0539042306793892]
- [1, 9, 0.024264327815931887]
- [1, 10, 0.05491501809847538]
- [1, 11, -0.02482525537801691]
- [1, 12, 0.03488035569341848]
- [1, 13, -0.04497806219766531]
- [1, 14, 0.04168994383020227]
- [2, 5, 0.024264327815931887]
- [2, 6, 0.01353418360473649]
- [2, 7, 0.004119440414080787]
- [2, 8, -0.06204662747767867]
- [2, 9, -0.0539042306793892]
- [2, 10, 0.04168994383020227]
- [2, 11, 0.05491501809847538]
- [2, 12, -0.02482525537801691]
- [2, 13, 0.03488035569341848]
- [2, 14, -0.04497806219766531]
- [3, 5, -0.0539042306793892]
- [3, 6, 0.024264327815931887]
- [3, 7, 0.01353418360473649]
- [3, 8, 0.004119440414080787]
- [3, 9, -0.06204662747767867]
- [3, 10, -0.04497806219766531]
- [3, 11, 0.04168994383020227]
- [3, 12, 0.05491501809847538]
- [3, 13, -0.02482525537801691]
- [3, 14, 0.03488035569341848]
- [4, 5, -0.06204662747767867]
- [4, 6, -0.0539042306793892]
- [4, 7, 0.024264327815931887]
- [4, 8, 0.01353418360473649]
- [4, 9, 0.004119440414080787]
- [4, 10, 0.03488035569341848]
- [4, 11, -0.04497806219766531]
- [4, 12, 0.04168994383020227]
- [4, 13, 0.05491501809847538]
- [4, 14, -0.02482525537801691]
- [5, 0, 0.004119440414080787]
- [5, 1, 0.01353418360473649]
- [5, 2, 0.024264327815931887]
- [5, 3, -0.0539042306793892]
- [5, 4, -0.06204662747767867]
- [6, 0, -0.06204662747767867]
- [6, 1, 0.004119440414080787]
- [6, 2, 0.01353418360473649]
- [6, 3, 0.024264327815931887]
- [6, 4, -0.0539042306793892]
- [7, 0, -0.0539042306793892]
- [7, 1, -0.06204662747767867]
- [7, 2, 0.004119440414080787]
- [7, 3, 0.01353418360473649]
- [7, 4, 0.024264327815931887]
- [8, 0, 0.024264327815931887]
- [8, 1, -0.0539042306793892]
- [8, 2, -0.06204662747767867]
- [8, 3, 0.004119440414080787]
- [8, 4, 0.01353418360473649]
- [9, 0, 0.01353418360473649]
- [9, 1, 0.024264327815931887]
- [9, 2, -0.0539042306793892]
- [9, 3, -0.06204662747767867]
- [9, 4, 0.004119440414080787]
- [10, 0, -0.02482525537801691]
- [10, 1, 0.05491501809847538]
- [10, 2, 0.04168994383020227]
- [10, 3, -0.04497806219766531]
- [10, 4, 0.03488035569341848]
- [11, 0, 0.03488035569341848]
- [11, 1, -0.02482525537801691]
- [11, 2, 0.05491501809847538]
- [11, 3, 0.04168994383020227]
- [11, 4, -0.04497806219766531]
- [12, 0, -0.04497806219766531]
- [12, 1, 0.03488035569341848]
- [12, 2, -0.02482525537801691]
- [12, 3, 0.05491501809847538]
- [12, 4, 0.04168994383020227]
- [13, 0, 0.04168994383020227]
- [13, 1, -0.04497806219766531]
- [13, 2, 0.03488035569341848]
- [13, 3, -0.02482525537801691]
- [13, 4, 0.05491501809847538]
- [14, 0, 0.05491501809847538]
- [14, 1, 0.04168994383020227]
- [14, 2, -0.04497806219766531]
- [14, 3, 0.03488035569341848]
- [14, 4, -0.02482525537801691]
